99001
99002
99002
99003
99003
99004
99004
99006
99007
99009
99009
99011
99015
99016
99017
99018
99019
99020
99024
99024
99025
99028
99029
99030
99030
99031
99031
99032
99033
99033
99035
99035
99036
99039
99039
99040
99041
99044
99046
99046
99047
99047
99050
99051
99053
99053
99055
99057
99058
99058
99059
99059
99061
99061
99061
99062
99062
99063
99063
99065
99065
99065
99066
99068
99068
99071
99073
99073
99075
99075
99075
99076
99078
99080
99080
99081
99083
99083
99085
99086
99087
99087
99088
99089
99089
99090
99092
99092
99092
99095
99096
99096
99100
99102
99103
99103
99104
99106
99106
99107
99108
99108
99108
99108
99113
99113
99113
99114
99114
99114
99115
99116
99116
99117
99119
99120
99122
99122
99127
99128
99128
99129
99129
99130
99131
99131
99131
99132
99133
99135
99136
99136
99136
99139
99139
99140
99141
99141
99142
99142
99143
99143
99143
99144
99147
99147
99149
99150
99151
99151
99152
99153
99153
99156
99156
99157
99158
99160
99163
99164
99165
99165
99166
99167
99167
99168
99168
99168
99168
99170
99170
99171
99171
99171
99172
99173
99173
99174
99174
99175
99177
99178
99180
99181
99182
99183
99185
99190
99190
99191
99192
99194
99195
99196
99196
99197
99199
99199
99200
99202
99204
99206
99207
99207
99208
99209
99210
99210
99211
99213
99214
99214
99215
99215
99216
99217
99218
99218
99220
99221
99221
99222
99223
99225
99225
99226
99227
99227
99231
99232
99232
99234
99236
99237
99240
99240
99241
99242
99242
99248
99249
99250
99252
99252
99254
99257
99257
99258
99258
99258
99259
99262
99262
99262
99263
99265
99266
99267
99268
99270
99271
99272
99274
99275
99275
99275
99276
99276
99276
99276
99278
99278
99279
99280
99280
99281
99281
99281
99281
99283
99284
99285
99285
99285
99285
99288
99289
99289
99291
99291
99291
99292
99293
99293
99295
99295
99296
99296
99297
99297
99301
99302
99303
99303
99304
99306
99306
99306
99307
99308
99308
99308
99308
99311
99313
99313
99313
99313
99315
99316
99319
99319
99320
99320
99321
99323
99323
99324
99325
99326
99327
99328
99328
99330
99331
99332
99334
99334
99334
99335
99336
99343
99345
99346
99346
99346
99349
99349
99350
99351
99352
99352
99353
99357
99358
99359
99360
99361
99362
99363
99364
99364
99367
99370
99370
99372
99373
99373
99376
99376
99376
99378
99378
99378
99378
99379
99380
99381
99381
99384
99385
99387
99387
99389
99390
99390
99391
99391
99391
99392
99393
99394
99394
99395
99397
99397
99398
99398
99400
99400
99401
99401
99403
99404
99404
99405
99409
99410
99411
99413
99414
99415
99417
99418
99418
99419
99419
99420
99420
99420
99421
99424
99425
99426
99427
99427
99428
99429
99429
99432
99433
99435
99435
99435
99435
99437
99437
99438
99441
99442
99443
99444
99444
99445
99446
99447
99450
99451
99451
99452
99453
99453
99456
99457
99457
99459
99459
99461
99462
99462
99462
99465
99467
99469
99469
99469
99469
99470
99470
99470
99470
99471
99472
99474
99475
99476
99480
99481
99483
99484
99484
99485
99486
99487
99490
99490
99491
99492
99497
99498
99498
99500
99501
99502
99502
99503
99503
99503
99504
99505
99505
99506
99506
99509
99510
99510
99511
99513
99513
99513
99514
99514
99515
99516
99516
99517
99517
99517
99517
99519
99520
99522
99524
99526
99528
99529
99531
99535
99536
99538
99538
99541
99543
99543
99544
99544
99545
99545
99546
99546
99546
99547
99548
99548
99548
99551
99553
99554
99554
99555
99556
99557
99557
99559
99560
99561
99561
99562
99562
99563
99563
99563
99564
99565
99565
99568
99569
99577
99578
99581
99581
99581
99582
99582
99583
99583
99583
99585
99587
99588
99592
99592
99592
99593
99594
99595
99595
99595
99597
99598
99599
99601
99602
99605
99606
99606
99608
99610
99612
99613
99614
99614
99615
99617
99620
99623
99625
99626
99627
99628
99630
99630
99631
99632
99634
99634
99635
99635
99636
99637
99637
99638
99638
99640
99640
99641
99641
99641
99642
99643
99645
99645
99646
99650
99651
99651
99651
99652
99652
99656
99656
99657
99657
99657
99659
99659
99660
99660
99661
99661
99662
99662
99663
99663
99666
99669
99669
99670
99670
99670
99673
99673
99673
99673
99675
99677
99678
99678
99680
99682
99683
99684
99685
99686
99686
99686
99687
99687
99687
99687
99690
99693
99696
99697
99698
99698
99699
99700
99700
99701
99703
99704
99705
99706
99708
99708
99709
99713
99714
99715
99716
99716
99718
99719
99719
99721
99722
99723
99726
99727
99728
99729
99729
99731
99731
99736
99736
99736
99737
99740
99741
99741
99742
99743
99743
99743
99744
99745
99747
99747
99748
99749
99750
99750
99750
99751
99754
99754
99755
99756
99756
99757
99758
99758
99761
99763
99765
99766
99766
99768
99768
99769
99770
99774
99774
99776
99776
99777
99778
99779
99780
99782
99782
99782
99783
99784
99786
99787
99788
99788
99788
99788
99789
99790
99790
99790
99791
99791
99791
99793
99796
99798
99799
99802
99805
99805
99805
99805
99805
99806
99806
99806
99809
99810
99810
99811
99811
99811
99812
99813
99815
99815
99817
99818
99818
99818
99826
99826
99828
99831
99831
99835
99836
99837
99837
99837
99837
99838
99838
99838
99839
99840
99840
99840
99841
99842
99842
99842
99844
99845
99851
99851
99852
99852
99855
99856
99856
99857
99857
99857
99859
99860
99861
99865
99865
99866
99866
99868
99869
99869
99872
99874
99874
99876
99876
99877
99883
99883
99885
99885
99885
99886
99886
99886
99887
99889
99890
99890
99891
99892
99892
99892
99896
99897
99897
99898
99899
99900
99901
99902
99902
99903
99906
99907
99908
99908
99910
99910
99910
99912
99914
99917
99918
99919
99923
99925
99925
99927
99929
99930
99931
99931
99932
99932
99932
99935
99935
99938
99939
99940
99940
99941
99942
99942
99943
99943
99945
99945
99946
99946
99946
99946
99946
99946
99948
99948
99949
99951
99951
99953
99954
99954
99956
99957
99959
99961
99962
99962
99964
99964
99965
99966
99966
99966
99967
99969
99969
99970
99971
99971
99973
99976
99976
99977
99977
99982
99983
99983
99983
99984
99987
99988
99989
99990
99990
99990
99991
99991
99991
99991
99991
99991
99994
99995
99996
99997
99999
99999
100000
