14
50
69
75
85
104
134
145
155
178
182
190
222
240
255
265
265
270
294
353
365
371
391
411
493
500
512
535
537
546
548
570
570
630
678
708
737
785
838
849
852
880
881
905
915
916
930
938
978
983
1007
1008
1038
1045
1055
1060
1071
1075
1083
1093
1104
1141
1154
1169
1178
1213
1220
1250
1250
1267
1277
1310
1319
1321
1352
1374
1384
1404
1473
1475
1477
1482
1495
1508
1510
1513
1515
1551
1561
1562
1588
1590
1596
1609
1632
1632
1708
1723
1744
1746
1748
1762
1805
1847
1883
1888
1978
1996
1998
2033
2035
2046
2084
2103
2129
2130
2160
2174
2200
2217
2230
2236
2274
2306
2314
2413
2415
2434
2482
2492
2496
2516
2524
2546
2580
2607
2654
2656
2683
2692
2696
2721
2776
2779
2780
2796
2812
2830
2849
2858
2869
2888
2890
2993
3009
3029
3050
3064
3073
3086
3086
3095
3102
3119
3139
3144
3177
3192
3192
3193
3205
3226
3283
3288
3336
3337
3360
3367
3370
3376
3378
3402
3410
3427
3451
3454
3502
3503
3508
3516
3519
3522
3554
3567
3578
3606
3620
3625
3654
3657
3667
3712
3723
3725
3747
3749
3765
3797
3798
3803
3830
3852
3861
3862
3872
3873
3915
3953
3990
3996
4001
4007
4015
4018
4021
4033
4034
4083
4098
4099
4108
4123
4123
4127
4137
4150
4158
4166
4182
4203
4213
4232
4242
4270
4281
4292
4292
4298
4304
4309
4325
4419
4445
4455
4531
4548
4618
4660
4665
4668
4709
4722
4723
4725
4773
4775
4825
4829
4847
4849
4924
4956
4960
4975
5009
5015
5021
5024
5031
5035
5052
5083
5111
5112
5124
5134
5142
5231
5232
5267
5268
5280
5335
5339
5352
5364
5393
5395
5403
5507
5512
5513
5531
5536
5557
5559
5609
5664
5666
5676
5683
5685
5698
5706
5721
5770
5785
5793
5794
5796
5797
5804
5814
5852
5852
5870
5897
5900
5904
5906
5906
5908
5958
5974
5990
6002
6035
6058
6078
6096
6102
6105
6120
6172
6174
6174
6182
6190
6201
6211
6213
6222
6228
6231
6238
6239
6242
6254
6255
6278
6313
6322
6332
6384
6399
6429
6433
6437
6462
6468
6506
6526
6538
6539
6587
6605
6616
6624
6634
6644
6648
6703
6721
6737
6744
6755
6756
6757
6790
6803
6819
6879
6879
6910
6911
6913
6923
6926
6944
6966
6982
6987
6990
6992
7021
7026
7032
7060
7088
7089
7117
7122
7135
7152
7179
7186
7186
7218
7250
7289
7292
7298
7299
7327
7340
7379
7381
7392
7410
7421
7436
7456
7470
7518
7530
7540
7552
7601
7608
7627
7630
7644
7671
7696
7706
7734
7739
7747
7759
7782
7783
7791
7794
7800
7804
7806
7829
7831
7875
7876
7895
7899
7965
7986
7988
7989
7992
7995
8012
8031
8064
8068
8082
8090
8105
8128
8190
8217
8246
8273
8315
8350
8350
8375
8379
8424
8451
8473
8473
8475
8500
8517
8532
8536
8556
8576
8608
8623
8645
8655
8691
8704
8733
8734
8736
8770
8786
8865
8865
8869
8907
8931
8945
8948
8949
8973
8973
9002
9004
9097
9110
9190
9218
9239
9244
9283
9406
9434
9437
9441
9445
9473
9484
9585
9602
9617
9622
9645
9658
9671
9686
9726
9744
9757
9773
9782
9790
9797
9806
9829
9838
9856
9858
9858
9933
9933
9944
9966
9990
10008
10016
10026
10028
10039
10071
10135
10138
10164
10216
10240
10247
10258
10267
10268
10288
10304
10372
10429
10436
10469
10478
10495
10503
10505
10521
10552
10571
10581
10600
10600
10643
10666
10666
10673
10676
10679
10682
10715
10738
10749
10780
10786
10818
10838
10852
10897
10901
10955
10971
10980
11013
11034
11086
11098
11098
11101
11108
11109
11116
11154
11163
11205
11225
11230
11253
11277
11284
11318
11322
11326
11342
11371
11393
11431
11472
11523
11536
11548
11562
11564
11575
11605
11626
11629
11671
11673
11675
11760
11768
11874
11875
11894
11921
11927
11989
12007
12008
12019
12031
12064
12072
12076
12098
12135
12160
12189
12269
12270
12304
12317
12333
12375
12378
12422
12437
12438
12497
12505
12555
12581
12590
12595
12609
12624
12654
12663
12668
12670
12701
12727
12729
12744
12746
12753
12766
12786
12786
12797
12805
12834
12853
12879
12941
12955
12977
13088
13129
13141
13147
13157
13178
13183
13214
13236
13244
13272
13276
13325
13331
13333
13336
13346
13430
13488
13491
13494
13498
13549
13649
13656
13662
13667
13670
13675
13676
13721
13733
13745
13761
13803
13804
13825
13835
13836
13851
13860
13891
13892
13904
13950
13959
13970
13978
13998
14021
14026
14036
14088
14165
14179
14217
14222
14306
14382
14390
14404
14423
14475
14502
14505
14523
14568
14574
14577
14602
14603
14644
14649
14664
14676
14686
14688
14689
14703
14724
14726
14733
14750
14771
14787
14801
14803
14823
14833
14839
14839
14840
14876
14884
14891
14892
14939
14988
15022
15037
15038
15049
15058
15070
15095
15110
15113
15156
15188
15189
15212
15234
15267
15278
15281
15285
15364
15370
15406
15437
15454
15465
15478
15480
15499
15517
15542
15543
15557
15560
15566
15584
15593
15619
15636
15789
15798
15799
15887
15908
15955
16007
16031
16084
16105
16143
16154
16162
16188
16220
16221
16228
16228
16260
16287
16339
16362
16371
16392
16429
16502
16502
16551
16555
16576
16578
16601
16614
16629
16643
16651
16666
16690
16733
16738
16758
16762
16783
16814
16817
16821
16832
16833
16847
16859
16892
16906
16927
16943
16991
17025
17027
17065
17096
17158
17166
17180
17185
17236
17240
17247
17282
17284
17301
17313
17333
17338
17342
17350
17351
17354
17355
17380
17394
17396
17400
17412
17414
17415
17472
17489
17542
17565
17574
17579
17618
17627
17639
17650
17662
17666
17684
17774
17803
17814
17827
17867
17868
17879
17904
18006
18034
18042
18045
18057
18076
18083
18101
18173
18192
18202
18202
18216
18233
18255
18270
18342
18375
18423
18450
18452
18547
18590
18597
18604
18684
18704
18742
18745
18777
18829
18904
18921
18944
18948
18954
18966
18988
18994
19002
19026
19043
19055
19057
19088
19094
19104
19107
19124
19143
19152
19161
19180
19187
19218
19231
19240
19257
19292
19353
19367
19405
19412
19439
19467
19468
19488
19511
19529
19533
19556
19573
19610
19667
19704
19715
19716
19720
19763
19768
19783
19784
19827
19852
19906
19940
19952
19976
19988
20002
20010
20057
20061
20083
20086
20090
20104
20164
20176
20188
20204
20205
20209
20223
20229
20233
20236
20267
20318
20345
20362
20371
20386
20418
20441
20451
20458
20470
20471
20502
20512
20513
20539
20564
20578
20594
20600
20614
20649
20657
20671
20692
20703
20714
20717
20769
20776
20788
20795
20807
20823
20837
20851
20854
20859
20914
20926
20937
20940
20948
20961
20977
21022
21047
21053
21081
21083
21105
21125
21138
21280
21319
21319
21340
21359
21433
21446
21460
21481
21484
21512
21518
21521
21529
21563
21566
21588
21594
21601
21653
21666
21686
21691
21702
21704
21773
21785
21793
21867
21901
21921
21932
21956
21969
21969
21975
21984
21995
21996
21998
22025
22034
22118
22124
22153
22166
22179
22184
22209
22212
22238
22245
22260
22261
22280
22307
22326
22353
22385
22503
22534
22540
22560
22593
22597
22619
22684
22702
22707
22708
22724
22726
22747
22754
22755
22774
22774
22799
22804
22809
22825
22855
22862
22879
22897
22923
22967
22970
22974
22985
23001
23008
23021
23050
23097
23121
23164
23208
23222
23274
23291
23292
23308
23309
23330
23331
23341
23359
23372
23390
23405
23405
23523
23535
23554
23592
23646
23649
23650
23677
23717
23737
23738
23740
23741
23745
23782
23794
23824
23841
23860
23882
23901
23903
23932
23932
23951
23959
23972
23972
23989
23997
24009
24016
24022
24064
24091
24130
24143
24165
24173
24175
24311
24319
24327
24332
24345
24454
24480
24509
24518
24536
24537
24541
24603
24611
24615
24622
24646
24660
24668
24673
24687
24692
24695
24736
24754
24765
24794
24800
24806
24807
24836
24842
24872
24920
24939
24949
24961
24968
24972
24985
25018
25054
25101
25179
25190
25203
25211
25228
25262
25394
25440
25482
25502
25514
25532
25543
25579
25588
25616
25653
25676
25685
25691
25699
25699
25702
25710
25720
25735
25811
25815
25815
25869
25924
25953
25968
25981
25989
25999
26023
26059
26114
26121
26127
26135
26165
26198
26212
26237
26243
26246
26255
26260
26290
26338
26341
26349
26356
26371
26390
26404
26406
26416
26425
26507
26536
26543
26577
26588
26619
26634
26636
26649
26664
26665
26688
26696
26747
26754
26770
26771
26777
26811
26848
26874
26878
26879
26884
26909
26942
26964
27008
27012
27022
27022
27034
27044
27059
27119
27150
27180
27181
27185
27209
27243
27250
27251
27274
27291
27324
27347
27351
27380
27413
27447
27452
27466
27531
27548
27551
27559
27561
27614
27614
27614
27677
27680
27690
27704
27705
27735
27740
27742
27750
27794
27810
27836
27855
27906
27907
27947
27971
27990
28014
28023
28097
28122
28163
28180
28180
28185
28189
28198
28199
28207
28222
28321
28338
28356
28365
28405
28411
28430
28450
28456
28461
28461
28481
28507
28516
28565
28603
28637
28644
28662
28663
28670
28675
28690
28725
28734
28799
28813
28817
28817
28861
28863
28886
28888
28889
28903
28913
28917
28926
28950
28973
28991
29006
29009
29091
29094
29114
29121
29173
29180
29207
29217
29218
29244
29258
29260
29264
29283
29316
29325
29364
29384
29418
29457
29458
29465
29484
29488
29507
29520
29529
29556
29670
29847
29886
29889
29895
29906
29915
29916
29917
29950
29952
30019
30031
30121
30133
30142
30204
30221
30235
30236
30242
30267
30271
30271
30273
30292
30293
30302
30308
30326
30327
30360
30387
30390
30418
30430
30431
30432
30449
30460
30475
30486
30495
30499
30502
30507
30560
30594
30650
30752
30759
30789
30827
30853
30857
30890
30893
30900
30934
30956
31119
31129
31219
31229
31244
31265
31272
31274
31281
31309
31320
31325
31335
31364
31386
31404
31449
31460
31466
31488
31529
31571
31612
31622
31672
31693
31748
31764
31782
31786
31816
31829
31872
31872
31890
31892
31896
31907
31940
31944
31977
32001
32012
32026
32037
32038
32090
32092
32103
32104
32184
32230
32240
32252
32265
32328
32334
32352
32352
32401
32430
32446
32459
32474
32478
32517
32567
32571
32575
32633
32634
32661
32664
32677
32743
32780
32832
32841
32874
32891
32900
32913
32932
32989
33007
33010
33012
33015
33038
33078
33080
33082
33207
33211
33213
33225
33255
33285
33291
33401
33409
33416
33441
33475
33533
33550
33566
33588
33607
33634
33635
33636
33643
33647
33650
33688
33694
33695
33750
33784
33809
33832
33939
33953
33953
33973
33979
34029
34054
34114
34129
34158
34179
34210
34214
34299
34313
34321
34401
34406
34458
34477
34483
34512
34518
34561
34571
34592
34630
34639
34640
34652
34658
34673
34690
34701
34742
34749
34757
34776
34792
34792
34798
34809
34815
34863
34893
34914
34928
34932
34932
34972
34996
35003
35126
35138
35146
35172
35248
35249
35260
35309
35311
35356
35403
35441
35455
35473
35478
35480
35481
35514
35519
35533
35544
35556
35562
35578
35584
35594
35625
35662
35663
35694
35724
35736
35743
35745
35776
35832
35884
35888
35891
35899
35920
35921
35972
35981
36003
36036
36043
36047
36053
36082
36091
36091
36117
36124
36130
36133
36149
36150
36200
36221
36249
36266
36266
36283
36288
36314
36432
36432
36473
36538
36547
36606
36628
36652
36659
36685
36699
36704
36717
36723
36758
36763
36794
36827
36849
36884
36898
36922
36923
36937
36957
36971
37012
37053
37054
37065
37066
37082
37103
37126
37133
37134
37191
37230
37235
37441
37441
37451
37464
37490
37518
37535
37536
37539
37561
37574
37582
37655
37677
37680
37689
37689
37690
37736
37784
37798
37801
37824
37825
37833
37843
37876
37889
37898
37955
37974
38022
38031
38035
38043
38044
38070
38073
38075
38080
38096
38102
38141
38154
38182
38188
38244
38317
38343
38355
38357
38361
38416
38433
38447
38476
38481
38503
38510
38514
38518
38545
38599
38600
38601
38609
38623
38687
38726
38731
38759
38762
38762
38784
38848
38886
38893
38897
38917
38949
38980
39046
39079
39082
39101
39106
39152
39155
39157
39161
39278
39309
39346
39355
39361
39395
39402
39426
39462
39466
39485
39528
39544
39572
39581
39604
39612
39612
39626
39630
39632
39633
39644
39671
39733
39742
39754
39771
39820
39828
39832
39833
39841
39853
39857
39859
39876
39898
39898
39914
39919
39950
39953
39969
39981
40003
40013
40019
40021
40023
40050
40050
40111
40116
40122
40127
40171
40172
40196
40215
40283
40293
40301
40310
40325
40358
40381
40388
40404
40416
40425
40441
40452
40471
40519
40559
40562
40565
40570
40583
40584
40587
40601
40614
40662
40664
40665
40685
40705
40738
40746
40767
40778
40779
40811
40829
40835
40866
40910
40967
40977
40978
40990
41015
41024
41122
41142
41157
41176
41176
41198
41233
41243
41253
41262
41273
41282
41315
41332
41341
41377
41384
41399
41410
41416
41429
41434
41460
41462
41463
41466
41488
41517
41537
41549
41561
41624
41634
41645
41657
41670
41676
41735
41789
41892
41904
41943
41969
41979
42006
42013
42036
42052
42135
42136
42144
42163
42198
42216
42218
42234
42275
42297
42298
42301
42329
42332
42381
42382
42393
42444
42450
42463
42489
42516
42534
42630
42713
42725
42729
42731
42792
42812
42821
42861
42915
42920
43042
43050
43068
43078
43097
43115
43147
43148
43154
43161
43173
43267
43308
43333
43342
43361
43370
43388
43389
43393
43396
43471
43471
43489
43495
43508
43509
43516
43537
43556
43561
43596
43654
43667
43669
43676
43695
43726
43727
43730
43743
43745
43762
43809
43819
43828
43838
43840
43852
43866
43908
43925
43946
43954
43960
44034
44039
44053
44062
44090
44105
44137
44138
44176
44179
44199
44205
44209
44227
44241
44260
44271
44335
44335
44343
44378
44387
44397
44428
44452
44456
44469
44471
44474
44476
44490
44506
44512
44512
44545
44584
44623
44630
44638
44671
44673
44680
44704
44730
44774
44797
44801
44826
44887
44889
44913
44920
44924
44930
44968
44976
44986
44994
44996
45002
45019
45053
45081
45094
45101
45103
45117
45118
45119
45152
45160
45182
45183
45187
45191
45203
45241
45243
45269
45273
45290
45308
45334
45348
45400
45403
45412
45435
45437
45453
45489
45540
45565
45585
45629
45724
45727
45762
45799
45800
45813
45816
45824
45841
45842
45862
45889
45943
45990
46012
46094
46104
46168
46224
46229
46274
46293
46309
46365
46374
46374
46388
46403
46484
46491
46521
46522
46545
46634
46657
46690
46821
46834
46852
46861
46893
46923
46925
46931
46932
46966
46975
46989
46995
47004
47024
47066
47088
47109
47140
47163
47190
47201
47210
47222
47244
47246
47292
47302
47364
47366
47379
47381
47383
47429
47430
47437
47498
47528
47560
47590
47638
47642
47647
47653
47660
47712
47716
47716
47723
47741
47743
47799
47800
47822
47851
47910
47923
47930
47982
47985
48029
48050
48057
48057
48071
48167
48172
48177
48186
48192
48211
48241
48295
48364
48368
48403
48408
48430
48482
48514
48533
48552
48580
48616
48627
48630
48644
48691
48721
48731
48753
48846
48851
48855
48855
48863
48871
48873
48888
48904
48939
48942
48942
48948
48988
49002
49053
49101
49129
49262
49263
49283
49309
49327
49341
49350
49361
49367
49393
49435
49446
49447
49455
49460
49461
49510
49524
49530
49535
49542
49542
49574
49623
49661
49710
49738
49750
49767
49789
49790
49823
49829
49830
49845
49878
49880
49890
49892
49899
49901
49906
49911
49937
49955
49970
49992
50006
50027
50027
50035
50048
50079
50082
50082
50100
50113
50119
50124
50133
50155
50193
50210
50264
50274
50276
50309
50314
50341
50360
50401
50443
50453
50501
50533
50565
50613
50643
50652
50652
50716
50718
50764
50778
50791
50857
50859
50879
50891
50916
50926
50968
50980
50982
50985
50998
51004
51009
51017
51043
51050
51059
51064
51069
51108
51115
51138
51151
51167
51233
51245
51256
51274
51282
51314
51336
51343
51356
51366
51370
51377
51383
51399
51456
51458
51470
51490
51521
51525
51531
51532
51562
51571
51601
51642
51656
51714
51723
51725
51760
51787
51793
51794
51797
51816
51821
51822
51835
51840
51847
51887
51890
51912
51938
51959
51972
51993
51998
51999
52008
52037
52039
52076
52087
52089
52137
52160
52172
52225
52268
52292
52325
52332
52345
52361
52394
52396
52421
52490
52556
52565
52589
52593
52600
52653
52678
52689
52705
52716
52739
52740
52744
52748
52791
52822
52836
52847
52856
52857
52884
52885
52903
52917
52967
52990
53010
53081
53090
53107
53111
53115
53119
53147
53155
53157
53164
53184
53224
53227
53227
53246
53253
53266
53342
53355
53372
53379
53429
53466
53503
53513
53539
53551
53569
53572
53618
53642
53660
53696
53744
53770
53780
53812
53814
53817
53851
53862
53869
53879
53914
53915
53916
53955
53982
53984
53993
54012
54016
54050
54072
54086
54096
54121
54122
54140
54141
54157
54210
54253
54267
54290
54305
54339
54339
54343
54349
54362
54369
54390
54462
54465
54471
54519
54527
54562
54580
54594
54621
54648
54656
54786
54786
54812
54818
54822
54825
54873
54973
54980
54984
55017
55053
55074
55119
55150
55154
55182
55185
55236
55309
55321
55322
55332
55355
55436
55443
55482
55523
55529
55546
55568
55614
55626
55640
55655
55659
55687
55702
55757
55758
55776
55784
55803
55812
55813
55843
55853
55855
55876
55889
55905
55906
55908
55910
55917
55986
56036
56038
56066
56070
56088
56109
56114
56154
56159
56208
56208
56251
56266
56274
56279
56290
56311
56317
56344
56357
56410
56419
56443
56457
56457
56464
56495
56554
56596
56620
56622
56625
56629
56650
56724
56776
56778
56779
56799
56801
56869
56877
56887
56893
56900
56919
56923
56939
56986
56993
56998
57018
57093
57105
57114
57119
57150
57215
57239
57262
57288
57305
57353
57368
57385
57399
57429
57462
57473
57490
57508
57512
57536
57545
57549
57558
57584
57613
57617
57660
57670
57674
57701
57749
57765
57784
57797
57820
57831
57843
57954
57970
57973
58000
58004
58029
58082
58098
58120
58135
58163
58199
58205
58215
58235
58238
58262
58264
58270
58277
58289
58293
58296
58304
58395
58408
58416
58421
58434
58538
58538
58554
58558
58571
58577
58612
58621
58636
58638
58653
58703
58711
58731
58746
58759
58764
58764
58777
58818
58826
58837
58859
58862
58866
58872
58881
58901
58933
58936
58951
58975
58975
58981
58998
59007
59025
59062
59068
59069
59090
59104
59127
59137
59151
59178
59224
59251
59293
59320
59363
59368
59392
59395
59424
59463
59478
59510
59516
59518
59537
59551
59552
59571
59586
59605
59612
59618
59626
59627
59627
59630
59635
59651
59657
59689
59714
59732
59733
59734
59739
59776
59780
59792
59818
59825
59833
59833
59844
59854
59862
59872
59882
59903
59918
59934
59939
59969
59978
60040
60046
60046
60081
60123
60129
60139
60153
60159
60210
60224
60233
60239
60242
60284
60373
60377
60398
60427
60450
60494
60497
60507
60533
60568
60571
60605
60640
60642
60664
60684
60693
60751
60790
60796
60799
60803
60820
60830
60831
60837
60898
60900
60934
60943
60966
60971
60976
61013
61026
61029
61036
61042
61056
61079
61122
61127
61143
61194
61220
61237
61332
61366
61366
61400
61417
61433
61444
61444
61447
61457
61458
61479
61515
61531
61548
61616
61628
61634
61685
61701
61705
61706
61707
61709
61718
61767
61789
61824
61829
61889
61906
61945
61988
62006
62042
62044
62096
62117
62125
62129
62136
62166
62182
62189
62193
62226
62239
62282
62338
62349
62353
62357
62402
62409
62418
62423
62434
62436
62441
62452
62458
62481
62486
62516
62527
62546
62564
62565
62571
62579
62604
62609
62622
62627
62628
62673
62729
62739
62767
62809
62811
62828
62843
62852
62859
62865
62872
62892
62920
62965
63000
63009
63016
63021
63032
63034
63059
63073
63110
63114
63127
63137
63180
63200
63215
63220
63225
63232
63257
63283
63305
63308
63340
63341
63365
63380
63395
63509
63545
63588
63603
63633
63636
63679
63686
63697
63720
63742
63769
63806
63809
63840
63847
63877
63885
63902
63912
63925
63945
63960
63965
63971
63988
64002
64028
64030
64036
64047
64079
64081
64087
64140
64161
64186
64196
64222
64227
64263
64267
64268
64276
64322
64333
64333
64452
64462
64474
64503
64510
64536
64547
64569
64575
64595
64633
64635
64640
64641
64645
64662
64714
64724
64730
64808
64831
64846
64864
64874
64910
64913
64927
64951
64973
64994
65000
65016
65022
65031
65068
65096
65098
65106
65107
65133
65140
65153
65156
65176
65191
65193
65220
65248
65249
65254
65297
65306
65320
65325
65325
65361
65378
65386
65389
65414
65424
65434
65466
65481
65486
65499
65502
65514
65520
65522
65531
65569
65578
65585
65586
65629
65659
65664
65691
65691
65693
65720
65721
65759
65774
65783
65793
65805
65840
65856
65874
65876
65900
65900
65901
65905
65997
65998
66022
66029
66031
66032
66079
66098
66119
66123
66129
66134
66181
66231
66263
66265
66311
66355
66377
66389
66403
66407
66408
66434
66460
66467
66477
66497
66525
66540
66558
66563
66583
66588
66612
66636
66644
66668
66677
66688
66731
66744
66755
66825
66855
66872
66953
67004
67069
67072
67076
67088
67091
67138
67165
67177
67182
67204
67215
67217
67223
67227
67237
67243
67341
67367
67380
67383
67388
67436
67452
67458
67466
67493
67501
67509
67534
67545
67576
67579
67607
67624
67631
67644
67680
67680
67684
67688
67702
67768
67808
67812
67818
67823
67830
67831
67836
67840
67845
67848
67866
67866
67879
67896
67908
67908
67916
67940
67949
67977
67981
67996
68001
68008
68010
68019
68022
68081
68100
68103
68128
68142
68158
68174
68187
68196
68198
68211
68251
68297
68319
68378
68396
68398
68413
68417
68465
68472
68526
68531
68571
68581
68598
68679
68684
68711
68712
68745
68766
68767
68767
68801
68812
68869
68919
68922
68926
68975
68981
69005
69013
69051
69085
69149
69179
69185
69246
69251
69272
69274
69316
69370
69379
69395
69423
69462
69467
69473
69477
69516
69519
69549
69569
69569
69570
69591
69600
69652
69679
69700
69718
69742
69757
69759
69773
69799
69909
69964
69979
69982
70014
70055
70064
70129
70139
70158
70216
70227
70279
70285
70286
70308
70308
70318
70351
70357
70361
70373
70398
70404
70414
70442
70443
70446
70453
70476
70504
70538
70546
70558
70570
70582
70593
70644
70651
70662
70665
70667
70714
70715
70757
70771
70775
70799
70839
70847
70848
70897
70916
70937
70981
71010
71055
71072
71079
71118
71145
71156
71174
71191
71197
71229
71268
71290
71295
71308
71311
71322
71332
71335
71377
71379
71409
71414
71424
71431
71462
71466
71530
71558
71579
71590
71644
71663
71668
71675
71712
71715
71725
71732
71802
71880
71893
71930
71932
71956
71982
71999
72004
72050
72124
72150
72206
72247
72268
72290
72299
72331
72333
72350
72364
72369
72370
72405
72479
72488
72494
72521
72524
72540
72541
72553
72589
72607
72608
72614
72623
72649
72662
72734
72741
72762
72783
72792
72826
72846
72866
72888
72904
72932
72982
73032
73059
73072
73091
73092
73099
73131
73161
73178
73188
73200
73210
73231
73248
73291
73294
73332
73341
73367
73384
73387
73405
73424
73444
73447
73488
73504
73520
73523
73525
73526
73531
73611
73625
73630
73660
73665
73687
73688
73701
73716
73757
73765
73781
73788
73792
73800
73838
73848
73873
73907
73910
73927
73948
73961
73993
74021
74023
74035
74052
74078
74088
74088
74092
74097
74128
74135
74136
74173
74185
74186
74208
74223
74238
74276
74307
74326
74373
74388
74462
74464
74470
74499
74526
74559
74588
74595
74616
74620
74629
74633
74648
74706
74709
74723
74743
74746
74755
74777
74811
74839
74855
74890
74891
74892
74893
74904
74906
74925
74962
74973
74974
74997
75062
75073
75079
75085
75122
75130
75165
75174
75198
75198
75222
75279
75280
75300
75309
75322
75345
75355
75367
75394
75413
75442
75473
75487
75514
75517
75606
75617
75640
75645
75647
75736
75761
75771
75788
75795
75821
75841
75876
75919
75951
76034
76048
76065
76074
76098
76132
76134
76164
76188
76195
76219
76256
76263
76300
76305
76306
76348
76348
76394
76428
76454
76464
76473
76475
76482
76503
76507
76533
76552
76569
76572
76612
76618
76650
76666
76680
76746
76765
76829
76842
76849
76856
76896
76940
76964
76969
76980
76982
77043
77062
77118
77134
77137
77158
77232
77233
77252
77265
77266
77284
77289
77383
77436
77440
77494
77499
77525
77542
77577
77592
77647
77660
77668
77671
77672
77729
77733
77762
77765
77769
77782
77790
77834
77843
77844
77850
77856
77868
77875
77907
77911
77976
77984
78022
78034
78036
78041
78058
78068
78077
78141
78158
78208
78285
78290
78311
78329
78332
78345
78348
78378
78380
78411
78417
78436
78437
78468
78495
78505
78506
78527
78529
78536
78558
78560
78569
78600
78610
78610
78637
78671
78702
78728
78772
78775
78811
78837
78858
78870
78884
78885
78911
78924
78941
78949
78970
79017
79017
79025
79044
79047
79068
79072
79081
79090
79091
79099
79104
79113
79120
79128
79142
79145
79179
79208
79215
79215
79268
79290
79320
79350
79380
79391
79410
79416
79419
79437
79529
79554
79619
79622
79660
79666
79668
79679
79700
79705
79732
79733
79737
79763
79783
79790
79793
79797
79800
79819
79820
79835
79852
79869
79872
79894
79904
79911
79938
79956
79960
80004
80143
80196
80214
80229
80264
80289
80291
80302
80315
80322
80413
80440
80480
80496
80506
80513
80528
80545
80557
80558
80560
80563
80563
80577
80579
80588
80598
80620
80622
80692
80724
80732
80738
80786
80788
80878
80928
80963
80966
80994
81049
81061
81062
81066
81111
81145
81148
81168
81172
81180
81193
81221
81282
81288
81294
81297
81307
81336
81338
81365
81401
81422
81429
81461
81476
81479
81486
81488
81492
81538
81542
81570
81574
81587
81607
81638
81642
81681
81732
81753
81755
81801
81839
81870
81872
81879
81882
81883
81895
81897
81917
81930
81981
81987
82028
82131
82132
82141
82189
82194
82216
82258
82260
82312
82319
82331
82334
82341
82347
82367
82392
82422
82475
82497
82540
82548
82581
82625
82640
82659
82678
82751
82758
82765
82786
82786
82790
82857
82897
82909
82922
82925
83001
83011
83014
83039
83048
83057
83059
83075
83131
83188
83217
83265
83324
83375
83403
83414
83414
83449
83494
83508
83513
83530
83554
83586
83596
83600
83607
83628
83629
83644
83671
83690
83732
83755
83798
83839
83842
83854
83862
83863
83872
83910
83913
83924
83965
83980
83983
84018
84060
84108
84129
84151
84218
84228
84281
84299
84314
84317
84332
84350
84357
84404
84408
84429
84438
84474
84480
84501
84513
84525
84533
84547
84548
84561
84574
84576
84584
84593
84603
84627
84646
84649
84665
84670
84677
84736
84746
84771
84779
84832
84845
84893
84917
84951
84954
84973
84996
85048
85049
85085
85113
85122
85152
85152
85171
85175
85198
85211
85234
85253
85263
85271
85312
85328
85351
85359
85385
85393
85420
85428
85428
85440
85449
85452
85542
85575
85611
85619
85623
85632
85633
85638
85642
85705
85720
85736
85762
85779
85785
85879
85887
85898
85898
85932
85935
85963
85968
85981
86026
86084
86103
86109
86159
86190
86204
86210
86234
86253
86296
86299
86315
86319
86325
86326
86340
86344
86349
86414
86414
86420
86436
86445
86570
86616
86626
86639
86653
86657
86693
86697
86703
86728
86730
86736
86753
86789
86848
86887
86891
86936
86953
86970
86998
87002
87010
87012
87033
87041
87054
87078
87091
87120
87133
87168
87189
87199
87202
87202
87204
87224
87226
87241
87275
87292
87295
87299
87306
87314
87343
87357
87391
87411
87447
87449
87456
87498
87499
87514
87519
87551
87556
87566
87601
87628
87651
87697
87699
87703
87725
87736
87742
87743
87757
87809
87826
87867
87872
87908
87925
87939
87940
87953
87965
87983
87990
88029
88065
88072
88115
88125
88156
88174
88174
88200
88232
88247
88323
88357
88369
88451
88456
88486
88510
88522
88533
88545
88585
88589
88592
88605
88634
88645
88659
88687
88690
88706
88714
88770
88799
88811
88843
88844
88909
88910
88932
88932
88959
88969
88985
88987
88993
89017
89051
89062
89114
89139
89157
89167
89194
89199
89207
89223
89228
89235
89242
89294
89355
89381
89387
89412
89431
89460
89464
89470
89496
89512
89530
89533
89535
89545
89563
89566
89654
89695
89706
89739
89739
89751
89766
89782
89812
89817
89859
89869
89898
89902
89925
89968
89969
89977
89989
90002
90029
90071
90135
90175
90188
90212
90219
90224
90229
90255
90275
90280
90288
90338
90349
90362
90403
90412
90469
90515
90529
90536
90539
90555
90562
90564
90566
90623
90641
90652
90695
90716
90725
90747
90796
90841
90854
90857
90863
90949
90957
90969
90988
90990
91010
91010
91020
91028
91046
91075
91075
91081
91104
91128
91193
91231
91249
91251
91259
91286
91287
91288
91328
91328
91337
91352
91354
91447
91465
91542
91558
91558
91563
91571
91672
91679
91688
91692
91698
91715
91742
91812
91823
91837
91839
91905
91942
91956
91966
91982
91983
91989
92024
92056
92087
92106
92117
92120
92176
92198
92216
92221
92262
92338
92339
92357
92359
92382
92434
92470
92546
92595
92595
92609
92642
92723
92728
92729
92747
92806
92814
92819
92857
92886
92889
92942
92953
92956
92971
92990
93033
93051
93057
93064
93073
93095
93096
93120
93150
93151
93161
93163
93259
93261
93265
93271
93306
93306
93313
93345
93359
93373
93384
93386
93402
93420
93453
93461
93463
93476
93480
93484
93493
93507
93517
93540
93542
93558
93568
93570
93572
93574
93642
93681
93717
93770
93806
93831
93854
93855
93873
93926
93929
93970
93975
94020
94035
94047
94054
94074
94077
94088
94094
94095
94115
94128
94142
94142
94156
94156
94170
94184
94199
94214
94245
94302
94322
94333
94348
94352
94360
94379
94437
94464
94481
94485
94492
94499
94499
94501
94551
94593
94601
94605
94637
94650
94674
94683
94683
94763
94807
94810
94840
94864
94874
94885
94934
94935
94937
94956
95009
95016
95019
95054
95059
95086
95087
95111
95158
95175
95211
95229
95238
95249
95254
95258
95258
95285
95294
95304
95326
95384
95392
95433
95440
95442
95450
95510
95510
95546
95549
95552
95552
95567
95611
95617
95625
95690
95721
95724
95729
95800
95804
95819
95821
95826
95837
95839
95840
95846
95856
95865
95871
95876
95879
95904
95950
95988
96003
96018
96026
96076
96102
96107
96156
96156
96157
96161
96195
96206
96210
96228
96236
96252
96285
96370
96394
96395
96431
96432
96434
96442
96454
96469
96481
96491
96516
96522
96537
96538
96573
96573
96585
96621
96639
96665
96700
96799
96805
96838
96840
96860
96883
96932
96952
96965
96984
97014
97030
97034
97067
97074
97083
97135
97145
97160
97170
97188
97195
97240
97256
97290
97293
97297
97309
97316
97356
97358
97373
97379
97387
97393
97398
97437
97480
97481
97524
97554
97583
97601
97649
97649
97651
97682
97686
97688
97688
97737
97794
97801
97814
97837
97854
97872
97882
97909
97929
97930
97930
97934
97949
98004
98017
98022
98058
98070
98173
98229
98235
98252
98256
98264
98275
98276
98332
98354
98365
98397
98402
98406
98416
98452
98465
98484
98493
98510
98529
98544
98580
98595
98597
98600
98612
98694
98704
98717
98720
98739
98763
98778
98815
98819
98820
98820
98824
98842
98882
98882
98886
98930
98936
98942
98957
98992
98995
99038
99134
99184
99189
99192
99232
99257
99258
99322
99335
99340
99360
99388
99401
99410
99436
99488
99531
99531
99535
99535
99555
99576
99586
99618
99636
99642
99672
99724
99781
99816
99847
99863
99905
99953
99961
99982
