65016
52884
79419
58421
17774
9190
88200
6506
94035
87012
76048
51059
70351
79904
74890
20914
25616
96665
55355
33634
42275
95158
51847
32265
32661
83628
10666
82897
73488
59903
89898
38503
12786
69316
13276
30560
78505
1475
37065
72540
88486
29465
39950
58837
25720
14839
96102
67688
27855
67808
1321
70129
62965
69519
18745
95625
53147
45762
94874
26634
5664
84771
81488
18450
54086
94763
65361
48942
12590
18777
37833
1075
48241
77782
76263
73961
8973
72364
58000
36827
40172
59320
23308
19488
45191
42052
15113
14689
4166
26338
57674
9829
11108
39161
44630
65193
50276
9990
30486
62865
45119
68319
80291
93359
62452
56554
83671
71424
45269
41670
24603
85440
17342
47910
21280
78884
6313
52744
93572
10478
79081
51245
36659
90188
6757
81288
71732
73384
7630
2217
52600
52748
86887
32891
62458
65691
5796
62481
53466
51064
20502
78068
52856
37843
42329
74135
33078
64994
26878
26649
91823
5958
94245
28481
12497
17354
26121
84228
7089
33750
2796
59689
2849
6035
8931
65306
71725
14726
44138
25190
82141
64640
19610
34996
2482
78290
25482
51912
59635
68711
78560
51458
91020
89157
79938
3516
22862
6058
87743
29950
56159
90539
5990
59007
96573
31272
40665
84649
62349
1154
9838
44490
65793
45799
95837
84627
40441
21319
36538
75
90029
31449
51532
81049
36957
47822
916
59818
53879
88659
6120
26390
95549
28461
1748
8473
59733
58764
9473
38433
59918
35662
82922
25710
81461
95111
26688
21901
16429
63225
21975
22809
94674
89859
20209
47982
37680
21125
7800
91558
26135
30271
34299
38035
58731
36047
62859
34815
94810
72331
73248
71079
7992
72521
13141
5804
67631
39828
27704
411
19405
66031
39572
30430
55889
59780
78411
93568
97256
86210
1477
39742
32832
35776
94128
91563
88174
56986
42729
99335
29316
32328
70414
53660
4849
83554
59463
72479
39733
3519
89242
59137
69549
28813
89566
41789
88592
67977
35356
2200
70538
53184
58293
3370
88959
52421
11284
93484
9406
54012
92819
55074
86340
63232
8733
7540
63137
84547
96370
2869
88065
85611
62006
57613
14423
51571
99401
19367
35899
51108
21566
6437
4292
96210
9806
9602
48630
37441
3086
74388
7804
95904
45813
10495
75487
70897
18034
38623
55443
14404
57843
43508
14
36200
17472
30789
4123
33225
50155
40021
84332
88072
62809
4975
84281
72614
14577
49263
26406
17662
23650
34210
29917
69462
44704
5403
40358
79090
60377
95800
93493
34571
55659
9858
70771
73131
56998
74893
22707
7152
31265
23390
11575
94074
28365
95856
83039
59293
45118
9445
93306
68767
43654
23222
54580
4709
44976
94937
83798
21704
7088
93642
56274
79099
19852
43396
68581
76849
34640
91287
353
65905
14676
11927
59978
59392
7782
59368
18684
69251
68812
11989
54369
28817
51562
8948
49878
96537
20236
50027
34592
43676
43669
7218
22774
79872
50613
91354
73072
85253
98992
73424
67509
13667
85351
43838
73059
9484
3205
91742
95087
88369
20083
49455
17185
71644
74755
83414
84533
11342
33441
19124
55017
93461
26341
94142
73332
93306
1847
46403
78558
838
19827
62418
14505
21529
6255
3915
47364
25811
12008
42450
14179
32090
91905
47716
20086
83011
31129
4618
94352
64569
23741
65721
58029
66434
59862
47712
59739
61709
94115
54648
62546
30293
17065
93402
51821
39671
97316
99184
65481
25676
41634
79660
57765
49890
43727
77850
32900
74855
98819
27251
55776
22560
92971
13804
88993
69185
77868
48731
30893
71982
3378
9790
2274
36794
3192
70446
76464
16859
85981
58296
42534
27614
37955
16651
93855
81681
10852
26754
72888
9671
70357
28663
32230
79679
58818
37574
48863
36685
2656
96107
25018
22385
5897
27291
59178
25440
14088
51993
42298
69
10288
84832
44034
64595
1482
37889
62627
12333
80994
35514
38355
67702
80528
86936
47381
39346
24509
12595
92382
43516
25054
17400
65900
47302
61042
41429
72741
75130
9773
15038
75198
20061
16221
19231
1007
34054
57119
63633
62739
54465
15499
1093
22166
96026
88029
85898
51723
28889
98493
44105
72405
39898
77856
54656
87199
38897
12437
59939
14026
22209
91328
89223
58621
23901
24806
59627
57954
98276
39612
20692
52740
71462
21785
74906
83839
26165
60803
35562
55053
75647
96018
43809
31896
73873
98465
19094
29121
10901
95384
43147
49461
3064
48721
8082
26964
73526
84060
84917
71802
40023
5609
24541
27836
43745
15798
11675
69909
92953
63588
24961
84951
59605
85122
16847
49829
83586
52292
78949
10838
64028
38447
76650
67091
87168
1083
94054
60693
1495
78970
48846
41517
930
89739
85705
61026
5536
97379
30934
14840
60966
72247
16143
36922
57368
49341
3102
57305
1632
98402
68142
65659
36849
61143
49101
24016
62226
43154
1060
63720
38476
49906
21588
55757
39644
7292
16783
61531
21022
47716
92723
81987
36314
8865
35260
93681
58205
38361
50985
76188
36763
35478
58199
73611
96621
7299
13978
75198
50453
15037
38917
5280
81294
76856
61036
20937
500
94170
98820
21521
58238
91542
3508
94551
16758
55119
88232
74962
93480
55568
67501
30242
91046
25699
20204
4018
49350
50533
79215
16154
65569
34483
21433
63215
27690
98820
84151
28189
92990
99322
49710
67579
90863
69569
62129
23972
24687
50360
15285
34518
22280
82786
81111
13325
24836
17666
33694
74185
68198
29260
90338
50119
63742
28122
13333
7783
26942
13835
35972
36283
13157
2033
3861
20371
87953
82341
44343
28991
49053
59627
63509
71332
58764
60971
1008
83600
78637
34701
57784
46834
63960
64474
96952
44053
92595
26636
51835
35888
40471
4158
88522
69979
6190
8734
90349
94142
91075
51043
39485
40127
27022
2993
27810
85785
80315
28817
85736
58951
79869
59872
5785
43828
24345
19088
4232
33291
45724
56066
69179
2546
60224
74052
72524
82765
82786
62872
93259
90212
30267
32743
46690
57288
52087
74499
59424
32401
19667
45160
91352
99535
5031
13488
59714
45727
32575
63945
79017
94650
20010
64547
97195
96585
38599
69718
79350
37736
48942
72608
27947
79208
21702
90988
52847
73788
65486
12270
22540
85152
57429
13891
1038
78811
43730
60751
24537
76305
24695
3554
87306
61056
68100
84501
73993
23050
70570
53342
77137
19511
42301
5083
15070
64002
12422
67916
54141
77907
96538
76680
79410
70318
6923
96799
49129
50652
57549
73665
43308
98595
93570
46966
59651
78022
31466
33643
1071
2035
3336
78208
37898
61988
99642
52967
25989
12064
37235
96481
6322
50124
89512
2084
20441
12786
98882
69569
79790
72783
59586
23097
71377
53155
86414
47379
47528
17879
97373
64951
36266
708
59510
90515
79047
59151
59833
5035
87566
97067
17867
10240
47190
7379
28675
83983
20164
43908
53551
99953
16690
29488
39402
4419
98995
25815
51797
46522
60046
65522
11472
12663
82581
70981
3177
61628
46484
63009
83014
50401
76428
881
60640
39969
24611
5666
23951
44774
49574
93854
61079
66263
23341
16832
87033
38687
58998
55182
1561
19043
20703
29384
48057
3283
365
51233
64910
63200
30594
64276
29952
7021
65156
6944
63341
89766
12609
87292
50891
62182
81145
28321
44797
20837
45152
31829
75876
4150
87010
77436
39544
24064
6819
87601
27347
23535
55185
8608
3086
2130
89235
33038
25502
54390
39981
88843
60507
52589
76134
27750
14771
73630
56070
75919
10818
17574
7747
86693
38075
11109
80480
93970
35172
87299
81570
78870
27185
53107
3830
30271
55236
93064
63308
80738
63806
3288
85932
40664
55876
78417
68413
86998
68398
40835
79268
79215
58408
3367
82260
12834
14475
79091
6803
65998
66389
4725
61220
93574
57831
81401
40196
29418
74464
3503
26507
54621
6790
12438
95285
79017
90854
63697
82367
59251
4531
61634
54818
79290
65000
53429
8475
95826
48871
15278
61824
31612
20002
39395
41537
94184
20795
81732
39953
95258
85234
66460
66231
8375
95249
61515
87391
86103
25211
86109
61705
46094
47743
32874
41735
29094
2654
50210
24920
51525
81839
3095
99488
18192
42489
41024
12375
63283
22755
68679
74892
7988
35138
41122
16362
30387
18988
20104
32841
44199
6213
10897
6644
53955
60123
64730
83048
79128
14939
24319
47004
13129
27413
46491
31320
86253
87514
60046
49535
10268
28725
40779
18255
80214
98252
50968
10600
17240
71072
59792
77790
77284
87041
785
47590
47163
65514
46989
26290
96805
71308
73294
9933
98720
19784
41253
84973
7298
17650
50859
17565
46374
7989
52172
26588
22593
3139
53539
39832
90562
13331
33973
67845
371
34757
31786
63885
270
78775
6526
97074
50082
79819
23359
65153
15955
80963
66477
39604
98612
33688
73520
44986
41676
25691
87925
80620
45182
41463
20451
35743
71145
70775
19940
87867
5531
51725
68103
22153
30499
74629
35578
96932
70799
58936
78437
86753
39898
44913
26356
38510
78600
16228
99847
36628
58270
4123
17247
3451
45585
54050
55546
33082
41176
91837
20948
63059
43561
89051
85211
90412
63679
20788
87343
34477
96076
82131
37582
52325
27044
80289
7186
21995
96516
7032
74974
54786
11154
92221
74588
73091
62622
30133
6172
3797
21969
43471
66855
81882
48873
68417
88645
28903
5557
92339
79732
1632
74470
17313
70308
1513
97601
77494
39859
10469
84525
14833
65254
12031
23405
39841
1473
86026
86326
7644
6174
24646
67466
89381
22879
16339
57797
11523
45241
79705
3862
24972
97688
94683
58636
67996
96195
72589
45489
36053
83057
46365
67237
64662
58395
90641
20854
76219
76666
7179
83862
99192
48177
67680
4924
71055
84018
79072
98930
29258
58777
19143
70582
56464
13825
29217
40811
26371
1805
86299
62423
1213
32664
46012
65874
7410
36652
86728
83629
29670
10258
83842
28861
58434
51521
33784
45841
51890
29207
61122
81148
87983
80264
68081
60799
94088
97297
1609
20458
15454
87908
99232
16666
36923
45243
82540
60684
81895
85619
60664
11564
95876
44506
56776
70662
12378
6911
16502
64268
36117
93975
61767
40452
74238
29847
1250
84677
43495
2858
5134
75300
7117
20717
91966
44039
82312
90857
4723
80558
76475
65386
8473
72350
26243
65248
59363
54973
88510
92216
19240
40978
86190
97358
81429
60427
43556
82678
45103
3402
1888
66588
78702
9004
3657
70667
69395
85968
77875
90469
66525
54349
72206
74997
43050
14801
56596
2413
69773
61457
10980
5364
2434
97170
2721
83863
73948
62628
66540
35403
66029
84779
18342
44730
10135
21998
31748
79529
7965
9622
86349
90841
80322
58554
82189
23372
89706
38784
42136
59478
240
53115
81193
19026
66636
265
2888
40584
62892
85779
92338
45273
70558
10679
90002
80692
32677
38102
76572
56993
47723
62920
64186
44397
37825
46374
67768
27531
1510
26255
3360
18101
95721
905
37126
62357
1169
40013
19292
80413
42144
11629
25685
12701
22307
32038
9744
71335
70139
86315
44680
34214
65586
8865
78610
3410
71590
62729
47292
73099
5335
67004
7552
1055
67908
61029
79763
85428
17394
15406
65840
59537
27034
7876
88589
65693
39914
98332
53379
26404
84646
98058
76969
66583
23274
71930
86344
94864
34658
33636
84314
56344
16991
8217
57399
1250
69246
53513
3029
86639
68919
68869
62527
12304
93096
51115
94348
49361
49446
64079
92117
50443
62136
69085
17025
1762
41015
19720
12977
92024
53355
97290
48368
86697
5507
22118
4298
91104
91982
7327
94094
77252
76195
56620
5908
85642
7734
255
35003
73531
64333
27119
40325
42821
12555
73701
60934
53569
93420
73910
61945
63127
87551
26664
49823
93057
65133
54121
512
57114
61447
94605
50718
53993
67576
56625
55986
75309
73231
7340
65191
53916
34458
21867
13088
63365
95567
74021
33285
88987
47930
95229
68465
35480
38244
34639
44889
3376
5111
45400
76842
82909
56357
27559
53253
23932
535
9239
15593
73765
16578
97135
27680
67388
19002
40767
30752
14568
14787
64036
19906
79068
75617
4722
30900
13860
39361
75788
33588
44471
37539
10429
27380
10247
54339
96984
34179
54873
6222
66123
28637
39152
63257
56317
6539
82258
97083
53642
13178
28222
34029
49435
7289
9645
54157
38188
39857
93517
30327
73444
54339
84218
83872
98070
94464
54562
95054
44994
9434
17627
11116
38070
56778
74373
10738
79668
72982
24173
49661
86159
52394
83690
35594
76034
9686
6102
14222
49542
99618
60900
22985
70308
45117
23208
68378
39581
77769
79783
84574
87202
13761
95690
41624
86891
86414
52361
66558
59395
76533
32571
61906
28926
16260
13851
4960
42297
19952
35533
91839
35921
96432
14823
6228
41549
38031
90957
97481
15799
87091
98406
19353
852
94095
60976
87742
96860
13336
70651
72607
89869
19573
34512
35146
35832
64714
56457
94481
84665
91989
86319
36937
4773
1141
59516
62673
55523
66825
60153
71322
53915
58558
7026
71118
69005
68001
58859
82216
81336
45862
54822
87556
65434
5685
22702
17618
70398
95510
12098
71414
87499
98416
8350
8623
15908
67866
71295
71431
34690
47799
59104
4956
22708
66129
76074
8064
34129
34932
90280
31816
97145
45101
35724
62579
67138
74777
80196
37535
70286
8645
8949
74136
7060
33650
82758
22967
1515
70404
10749
52556
18202
86204
57512
57262
52332
49937
65325
2812
1220
71956
50980
98365
33409
86703
60943
546
61479
57490
38080
31764
66134
63380
5900
89545
97030
5009
28863
98544
75413
39612
67452
9966
25815
41315
67227
94499
91251
48904
13662
92470
20859
64641
7186
54267
51343
68128
54812
29173
41969
9244
77289
24454
72623
83188
13998
69652
4548
42861
84548
79960
98824
51999
6278
40990
93313
73504
51840
915
38759
65502
93384
59618
30142
570
30236
97837
85049
85048
43361
43370
10643
20649
67823
83265
20188
98173
52917
24736
57385
37464
21047
56208
5814
27324
13549
15478
17180
65389
16392
72290
30890
26127
31907
77383
26696
78495
91571
28097
79894
34932
71466
90536
71932
55640
73800
92120
53812
43068
33207
27548
96883
54253
83755
2696
97929
13656
18173
31460
79044
50916
3749
9933
77043
52008
3667
20090
30502
95238
48186
26747
46521
36003
17282
18452
7995
91081
10571
78158
50501
60129
5706
47383
14382
89460
50079
28662
19467
84603
76473
98510
35519
96573
24794
28913
48580
28461
49002
95433
40050
97188
22179
86570
49542
55812
5021
57536
46893
31944
35694
97393
8424
41399
61127
39157
47210
11205
67818
66677
12160
60642
81538
64030
57215
6332
92942
5794
34792
41943
17579
91193
55482
56109
77762
5024
11921
99134
78911
75165
47429
30956
88909
55853
88706
50035
95009
52268
77592
79179
18944
89751
39820
16833
53780
97034
23164
63073
19180
74307
5015
36758
65499
60497
9218
59612
81872
21138
58746
77134
12654
6174
8090
1562
78378
13147
67949
73387
65414
45540
52565
84357
51642
8736
17542
21773
5770
40705
84845
24949
31364
6211
78058
13214
83059
87275
72826
81282
24765
31571
58416
53770
54096
82857
55332
32474
96003
39632
22212
61417
85171
91128
62125
53164
99863
79666
91288
21984
36723
76132
46932
84438
98694
41341
97651
81753
44968
70476
63034
86084
2046
37801
39853
72494
20657
11536
21319
33012
51167
59882
10780
52689
51009
72904
5852
67223
68922
13491
89207
21996
5974
52490
6433
4668
93831
4083
86420
55150
74559
65805
41233
92956
3606
97437
81801
40614
8973
3119
73625
60139
63000
84404
29180
30360
73660
51383
97583
58933
64874
86789
80928
70847
39278
3712
75514
49460
7794
78285
20961
98704
44090
62193
8012
64047
59630
89812
4660
84954
9283
94637
61444
88634
95392
90623
18994
69051
42006
16576
44335
6879
19716
25262
94077
75345
28973
69591
41157
53119
64227
62117
51822
24668
40662
59833
88714
16643
65997
9726
1596
75279
20714
79391
63912
16105
70014
99257
1508
12019
32184
45842
35249
68251
87456
29325
43596
32780
15267
1104
85898
95846
63220
54072
20513
20233
13904
25579
53227
96252
51656
71174
71530
72369
50565
51794
4825
20578
51050
22684
48948
99586
68526
548
67836
72333
46224
11431
5112
77843
28886
91010
73688
92106
61433
10552
28690
91688
36130
81917
87940
4137
53090
75821
92857
3654
27614
97682
40583
95016
36717
89530
94601
21594
6429
62436
93926
52653
90219
99038
30495
19104
6399
4182
27561
67831
14733
56251
59518
67215
54519
63809
87703
7608
39630
80560
27614
67243
94593
68196
78610
31309
74078
73210
52903
80506
51998
63180
49510
42216
78569
80004
77671
1319
537
5232
69149
31622
77834
45019
15188
32352
25179
2890
56311
64808
83449
83924
48403
78041
68472
27012
25702
58901
222
94956
55758
68571
58135
5268
10786
36704
85271
88456
38022
2160
10039
23523
50133
87872
84893
65320
20223
10071
84561
92886
91231
68010
93161
39633
62402
77984
66644
4455
36884
83217
99410
92642
51787
57545
97909
78924
10600
99531
67380
64973
18042
93770
4847
68174
81642
89739
49845
18216
16162
34406
11101
7392
2415
20614
47024
81168
98597
30019
85623
35481
13236
1384
44474
65022
75280
42382
43946
85879
58264
27677
67204
76306
21446
72050
60831
19439
78141
10676
37655
94302
45081
65107
18045
63847
85720
65068
61366
84317
95086
63340
36149
24673
64724
80622
89695
40003
39355
49992
42234
13970
94020
9437
90275
15465
81486
67458
51256
59626
94485
88910
70279
55917
54016
88323
19763
56088
69742
97480
40404
81180
60820
76552
5852
25543
73525
95546
81897
12879
61889
24130
26848
55908
33566
33475
87725
31404
17284
38980
7381
11768
44241
77660
67684
98256
82334
3798
54343
52076
1277
11098
33255
62096
4001
39106
3990
77525
51004
85887
6755
29244
10016
49955
85152
59934
99781
89228
91337
33416
28207
98717
45183
88799
92728
29218
87054
75062
33015
57749
43489
50643
85198
93095
29091
89199
48552
33080
83075
99555
18966
6182
28799
45334
72488
30302
5267
72268
19529
12955
5683
64087
28023
67217
52885
37103
96434
56290
28516
45800
30390
72004
96442
31940
65098
25532
37490
13649
58612
20564
29556
93929
43097
74706
55614
15584
21359
77232
4203
57239
6538
26237
37677
34561
93453
6913
71663
6238
79554
178
52037
9944
88533
64831
58235
69982
90362
95724
99982
65325
16287
45889
75606
75736
20594
31219
7671
58304
8451
11874
15542
14988
54462
69570
65900
64267
76482
53914
70504
56036
70443
38893
82331
58975
3723
40565
45308
10436
36288
45290
75761
68926
7530
51366
61013
44476
98936
68684
2779
23738
80557
34673
38726
51370
4242
20977
15636
80724
74891
2492
53111
61685
41384
51793
37012
61458
92357
82319
71893
44996
43960
47653
30273
51490
15370
91286
12317
14306
59969
15095
38043
56877
49767
93120
8246
70361
30449
23882
67436
21691
42725
36898
83375
84108
88690
20386
45565
97398
19057
33809
42393
63016
97814
89017
30857
13183
80302
43173
43840
56622
74620
98235
13498
40738
7706
38096
11098
38154
78329
94885
59844
21053
31782
59571
21512
20471
79956
67076
17868
15364
17236
76612
78380
15049
65629
25588
44584
62282
85113
4775
18904
59732
3009
48753
16821
10715
86848
44271
65220
65176
39155
41416
2580
70937
17338
24091
7759
97293
7518
41979
29009
24754
18590
23740
56154
570
49327
737
62852
50791
5512
81755
26874
24872
30507
43695
51938
17355
87965
17158
98882
43471
74925
17814
30759
92262
41904
38518
5906
65774
80496
34914
6879
15437
58653
63032
16007
24332
63769
78858
75122
85632
76964
1996
10503
7470
62042
62441
41176
50006
95950
56410
93476
87226
74223
40587
95839
32478
79104
1744
14603
75951
53010
21481
7739
28014
84513
23745
52345
64633
18954
43819
50264
12269
62166
77118
36091
40559
55910
77266
90564
68211
50027
391
55436
40601
40977
51274
89431
36432
69370
4033
28734
38731
25514
36473
66744
10026
76569
35441
91010
11875
95611
41273
24143
74128
34742
60233
14686
90652
53851
21601
58862
20229
38343
30650
60830
79320
98275
66612
32103
67644
70644
60837
22726
96157
97309
89470
22534
90229
41262
29895
2103
53224
87519
26246
27351
22261
2830
42036
29264
73032
63636
88125
93261
1978
35126
70442
97649
33401
37053
46104
17396
7696
23292
40122
20205
20600
45943
59090
27180
87204
88985
29283
56779
76503
71880
84129
98763
74709
42516
44378
47741
22503
48855
57353
24480
83980
27794
38481
17380
64846
84584
34776
72541
7875
91249
9097
44826
37191
68187
88357
40746
73523
17639
97524
66377
5870
98004
81492
80579
40519
25869
44671
63021
74723
18375
3852
58703
46168
42332
92434
11013
43267
27209
99905
67493
34809
9002
28670
71999
93540
17027
12744
83414
51017
26619
49790
56887
24622
31281
53817
65140
57150
14839
44512
31872
33213
48364
6926
79380
90695
99360
6744
50314
42920
6648
34158
77729
32001
62828
66079
41892
96206
95175
41657
47222
21793
91447
4108
62767
39079
74276
27906
96228
89114
88770
44452
22326
37133
51377
18057
44179
67088
24800
94492
10008
47800
45002
87736
79800
7829
53814
38044
4034
48988
79700
67607
87133
87498
71715
49899
26577
45990
94156
22804
51456
82925
83607
73781
20057
51336
8190
80588
18423
32989
75079
28430
80788
36432
32517
76940
44260
2683
31335
64645
68022
11034
32252
55154
14884
20318
5052
41460
82659
15560
64263
34114
98484
64222
7895
34893
15557
16084
15480
33979
65424
6910
62409
62564
43342
11277
55855
3953
13959
87189
68598
81981
14574
849
37134
29457
37518
58538
70916
20176
74097
51531
54290
88932
32104
78536
23824
47660
10971
55655
81638
76394
62565
60398
55309
5906
71675
11163
9858
85633
14703
94807
83965
45629
12007
37451
75085
49524
95988
62353
69700
86436
30235
23989
75367
62338
2524
15543
26349
13494
71197
7986
6239
50113
84736
61548
72370
72762
89062
98580
74746
3765
93386
58711
49393
5393
96161
40829
71268
8500
19533
40967
94935
66119
81307
86653
28456
182
18547
71156
13675
6096
79142
36266
56208
80229
14165
44930
52990
3226
43509
27735
6990
53246
86445
72734
58638
98957
29915
29906
7456
49447
87224
18742
15566
68531
5395
60373
68712
40293
31529
98739
46388
27022
51356
18948
7250
65520
63877
60239
68745
23737
4325
92087
76982
7122
81172
51972
6078
11086
98229
29886
60533
85452
48627
76098
53982
70373
52822
39046
10666
84350
37784
73405
11371
89139
8704
34972
71010
88932
11562
39754
12668
15887
48192
6002
23008
29364
57973
45437
56801
72553
75322
17333
58004
40301
9782
28338
10673
62604
67383
37690
63305
21518
27447
91028
27008
36150
25999
98017
41434
37561
54122
70453
69799
2314
76454
92806
48029
50778
54594
4829
23330
29916
38514
97686
70216
48295
26023
97240
27250
9757
51282
90555
31274
78728
97934
74633
31229
23932
72649
72662
77844
26770
43115
47642
45435
35920
56799
93463
3050
11393
14644
42731
57660
53157
40416
44227
17803
82790
41466
45053
92546
92747
51959
40171
87826
49892
14803
19055
90175
3803
8068
68019
46925
67534
32012
92359
3454
88811
2174
22855
16555
16817
65585
90566
86325
22353
34792
4127
5142
92609
65531
97688
1708
17489
54210
89533
83732
69013
24939
73907
89167
33007
58277
36091
16892
90288
28450
20345
95450
46975
59551
28356
80143
41488
18921
66467
63840
70064
70593
68981
79025
36124
66668
80732
69964
37230
86616
53696
6242
27907
43954
11760
77265
2230
47851
94156
8869
76300
30853
20671
39626
90403
65378
19768
31890
84299
86234
95729
70714
73178
81062
49738
25653
64081
46821
95617
1310
49789
65664
23903
94047
9617
35663
71311
28198
83513
65466
37066
76164
12670
74088
15789
3073
39466
35556
51314
40116
38141
63395
27181
11318
44456
93271
36971
8536
56443
48939
26198
6231
14602
50100
16629
40570
85762
87939
68767
69274
69757
22184
61789
98778
12624
77577
18202
52089
29484
69516
8556
67624
49262
35736
95294
93717
29006
48616
18604
85449
97554
44801
8031
28507
11253
24660
85428
97014
28950
70546
82640
15058
92729
44428
13836
5352
38357
32037
73792
67840
17904
82347
51816
67165
18083
47109
77233
47088
12076
12189
48888
25981
73341
56919
70839
84593
97930
56266
81607
26879
26811
80598
58289
35891
41377
72124
41243
79733
20512
31386
63925
38416
13733
32092
21932
48167
95552
15517
95254
7627
27705
60494
33607
1045
17412
4445
85638
31693
77062
83596
58571
3872
80545
33211
56114
21921
21686
97356
18006
42198
45094
81930
96965
58826
14021
35248
6992
25924
50764
18597
33550
78468
95442
83508
95865
12853
4304
97854
44545
81365
97801
19468
1588
78345
52678
57701
265
90716
71409
18270
32913
16502
16551
46229
91679
46923
81476
15022
72846
32240
49970
22747
27059
45412
6254
22923
74616
26909
20776
19161
8273
34928
54980
26212
13272
24009
83913
29889
14724
55321
64510
63988
88174
81061
10216
79852
44335
91692
11225
33533
40283
61194
56279
67341
6605
78885
6616
81221
5793
43743
16733
30418
78671
71712
56629
91942
12072
56893
38182
43148
28565
2692
7135
16738
104
17351
12941
60790
25394
24165
94322
82028
85359
66953
65720
8315
62189
88687
89535
67981
32430
22619
14750
27452
10682
71379
35745
22754
44623
73927
65901
73188
76618
89387
89925
93073
6737
19218
53862
48482
59734
64536
46861
61444
31488
12581
69759
10028
1267
75645
94360
50048
98264
9110
77499
8945
96840
13244
48050
41462
3522
13950
14649
96491
3337
20926
89563
26425
56495
59776
91259
16228
24311
54471
77672
72150
83403
47430
98529
84670
39426
92889
51069
37689
1998
44920
46634
15189
58163
94683
56650
78036
24985
87651
74526
44673
8576
80440
87449
81422
40215
95059
97649
80878
49530
91672
69379
32932
39101
67908
33953
78527
60796
1374
32567
79145
46293
95552
94333
20807
6587
50982
98842
47923
54984
73367
92595
79911
70158
96395
61332
10372
7806
58981
7601
73687
50652
76980
22970
6105
44887
56923
983
22034
74648
49901
1178
20940
45453
95510
58098
52039
62843
56939
99961
17827
46657
8907
97737
16814
21653
59069
43537
29458
34401
51138
3144
1404
44469
26114
23860
89355
99388
24842
27740
74035
74743
28917
11326
36547
40778
69423
88585
3620
42713
88545
37798
5721
13803
51887
38886
35455
10955
82422
64913
61707
49911
84408
63110
94379
10521
86970
85
26260
28163
44176
294
19257
73092
27971
55803
30221
13745
44387
50193
56457
49283
87990
78529
79437
39876
17414
14892
67182
16188
96156
28888
66098
80563
8350
76829
7436
11671
93265
33695
39833
37441
50341
75442
26884
78311
31244
57105
92056
91983
23649
64864
57617
27990
43393
37054
67866
77158
68297
51399
93345
64452
96639
75795
61366
21340
68975
68801
33010
62239
2496
89194
16031
52836
64635
42915
47498
95879
16371
55905
4213
40019
20769
61829
68008
80513
15234
52225
57670
83530
19976
67367
64333
16614
43161
25699
54305
12135
94499
87314
90725
13346
76507
6756
66181
41142
66022
30031
53372
82392
85935
57584
38762
6703
19412
23121
3567
50998
91698
61237
50879
11673
28603
15212
44638
88115
40910
98942
16601
51760
2607
23677
65106
79113
30432
47638
36606
12805
77668
89977
11548
63603
47560
50309
86657
83324
89782
90224
34321
81479
67812
1551
93151
12766
16762
54140
880
74023
53081
33832
42135
55687
57508
23592
51151
4292
71229
87757
17096
65249
77733
28644
45203
41645
95304
48211
24968
85085
54786
75640
66563
22597
93542
76065
51714
10304
30204
52593
678
99636
2776
42812
55322
60284
66403
22825
64575
53984
10581
98022
35584
4665
26665
80786
46309
21969
45348
87628
23405
134
79619
89968
39082
73161
66032
90796
99816
96236
43388
493
95871
62516
59657
67545
22799
26059
6721
3725
96394
17301
1746
31977
38317
28411
29114
978
66731
74462
88605
90135
74595
84576
96454
13676
74088
62486
20823
90255
75073
80563
90747
87295
43078
66755
71191
65876
92814
77911
69600
5559
95211
87697
37536
49880
32459
83001
50857
99189
57462
55813
5676
48408
40388
2129
78436
30827
80966
99258
21081
56038
79820
28180
43333
22897
94934
14523
5124
4099
8786
91075
9658
3996
78772
63545
70227
11230
46545
21083
26771
4007
76896
32446
68766
33635
50926
47201
64462
31892
62811
85542
4281
42630
13721
63965
81879
8655
94840
87002
12753
3625
78077
38762
23972
73200
2306
94199
84429
48851
15281
27551
52857
92176
76348
37974
42163
27274
85175
6624
75517
47985
8517
79797
6966
22238
43762
88844
47244
38601
92198
76348
58577
86626
15110
82548
59825
17415
76746
60605
66265
8379
88156
35473
16906
64503
73447
59068
8128
74973
65691
83644
39309
74208
79793
46274
12797
23554
51470
60040
78506
43667
52739
37082
30292
67848
35981
6468
85263
12727
67072
67879
21105
71579
19704
54362
36082
93150
13430
44209
84474
79120
44205
23782
69679
23997
70055
82475
63902
37876
58866
58759
81542
11605
95840
28185
95804
48172
34652
81066
60898
18076
65297
98354
89654
1352
52716
25735
94501
82497
86296
95326
61616
46852
19107
47647
70848
5513
30121
34749
43389
5339
93507
41282
16943
5698
69467
12746
53869
20470
10164
31119
38545
91812
45824
28199
93163
14891
70285
4015
97387
72932
99340
75355
19783
34798
23001
6982
40310
69473
58082
50
74811
67940
41332
8105
89989
27150
20851
60210
63971
47366
91328
2516
55529
53503
47066
48691
84746
17350
52705
82132
6634
68396
73838
26416
3193
96838
49750
59854
66311
7831
76256
57473
75771
33939
65578
65759
77440
2780
25968
41410
66497
33647
43925
22025
3502
90990
70715
88247
24692
39771
86730
31325
24518
60568
74092
44062
73757
23841
20267
56419
31672
96522
13892
23794
30460
95821
5904
7899
98600
31872
49309
65096
81870
9585
87120
1723
16927
74186
89969
57970
30308
93051
89294
54825
53618
79737
98886
43726
3578
19152
145
51601
32026
14036
75394
78837
9856
81297
86736
24807
29520
52396
89902
27742
78332
93373
45816
95258
83910
52137
53227
14217
45187
58872
85393
15156
38609
630
58881
58538
36133
59025
10138
68158
89412
1883
46995
15619
99531
50082
40425
45403
18829
30326
89496
97160
40050
35311
8770
23959
87447
78348
54527
32633
53572
39919
64140
8532
56900
23021
67069
93033
98397
93558
77542
87809
95440
24536
3427
11322
90969
43852
56724
9797
90529
62571
23309
46931
97882
48430
87241
85328
26777
58120
34313
96700
14390
98452
5231
71290
37824
72299
64322
36221
65856
58215
40381
77647
82751
60159
88969
90071
20362
62044
16220
27243
24615
39528
74173
38848
4309
77765
24175
47437
35884
74839
44137
50274
73291
49367
21563
27466
21666
2236
63686
3873
60450
20418
97872
59552
80577
3192
49623
938
81587
82194
28180
6201
38073
18704
61400
42381
96469
85575
89817
32352
76765
33953
82625
66407
99672
20539
93873
37689
22774
57558
41561
99576
77976
55784
59127
74904
58975
25101
75841
40562
23646
4021
63114
61718
22724
40866
4098
35544
42792
10267
67896
19556
60571
66872
85963
60242
87411
79835
97930
26536
53744
55843
42463
48071
11626
1590
22974
86953
43042
98815
43866
66688
19187
23331
28405
58262
64196
48855
93806
6987
75473
61701
26543
36043
44924
12505
96285
32334
8691
94214
75222
62434
66408
17684
10505
78034
35625
49830
81338
95019
48644
25203
61706
67830
48533
6462
42444
12729
71668
36249
19715
47140
97949
62609
99535
59224
91465
95819
91558
155
6384
83131
78941
72792
17166
5797
67177
52791
55626
48514
64161
4270
73716
42218
88451
38600
65031
47246
67680
36699
83494
3747
190
97794
66355
99724
57018
57820
11894
64927
74326
34630
48057
53266
7421
81574
59062
90949
50716
14688
39462
14876
35309
29529
57093
40111
84480
22124
87357
52160
75174
87202
55906
91715
84996
22260
7791
42013
96431
36036
23291
70757
70665
87699
24022
94437
69272
99436
85385
19988
30475
41198
34863
65783
87078
91956
22245
71558
30431
25953
23717
21956
29507
79622
13670
14502
18233
21460
72866
14664
73848
96156
85420
44512
83854
9441
38949
69477
25228
40685
89464
55702
81883
24327
21484
85312
32634
60081
56869
79416
